-----False Positives Indices-----
-----False Negatives Indices-----
60
17553
76076
109612
117477
124883
126208
136226
137429
138552
140913
145119
154408
155188
158083
159364
160024
160693
161905
165235
166407
168513
171815
171883
172064
172235
172633
172769
173187
174321
180760
181582
181732
183388
185068
187101
188387
190075
190744
191455
192138
192789
193490
194173
194810
195503
196227
198452
199610
206135
207663
208519
214992
218912
223189
229369
230877
236273
237968
247006
248278
249471
251989
265808
266038
266466
268326
271956
273565
274232
279890
283885
292545
292715
301560
305226
310228
312701
318872
322600
327584
328999
352653
353743
357861
358311
363392
365180
365369
366547
370270
372754
374067
375711
383251
385741
387112
388776
390213
391429
391637
392041
392172
393128
394567
395181
395610
395818
396037
396256
396465
396657
396840
397302
398477
401890
403077
405626
412498
413997
417225
419396
420493
420680
424535
427509
427642
429869
433928
437516
437659
439621
442309
451119
451254
452194
455047
458666
462156
464575
466112
492708
507959
510454
523554
524641
524774
525969
527310
527903
528739
529460
530053
531611
532320
532956
533729
535879
536473
537313
538025
538146
538728
539386
540174
540903
543144
543793
544401
544575
546098
546687
547485
547639
548230
548354
548833
549690
551140
551796
551907
552618
556029
559499
560815
561609
561735
562311
562460
563573
564262
564913
565565
565732
566349
567165
567803
568486
569289
569921
570586
570676
570815
571186
571684
572543
573143
573801
573990
574802
607020
607560
643411
646257
646690
647321
648594
649181
