-----False Positives Indices-----
108332
109963
110283
111119
112565
112877
114048
114368
115240
116429
117322
118802
119420
119749
120608
120905
121520
122995
123511
123869
124460
125903
126404
127307
128441
130195
131071
131888
132446
133273
134641
135188
135458
137591
138653
140760
142775
149300
179428
194894
195626
196219
197307
198908
199183
199507
200231
200715
201307
201816
202904
203281
203507
203862
204572
204714
204926
205781
206366
206864
207234
207461
207955
208307
208548
208896
209414
210171
218459
218999
219553
220097
222019
223343
224216
224445
224769
225296
225852
226621
228536
230183
233216
235126
235411
237354
269385
275697
281584
281858
282719
282957
283835
284439
285308
285596
287576
288170
288675
289062
289346
289641
290852
291369
292220
293077
293656
294776
296196
297654
298016
298520
298887
299123
299855
299995
300342
300930
301425
301787
302384
303252
303488
303854
304919
305409
305766
306129
306496
306713
307210
307583
307808
308303
308657
308896
309392
310519
310939
311327
317756
319790
322487
323660
367398
367699
368850
370012
371448
373993
375148
378910
379298
380063
380911
382079
382938
386468
389687
390277
390830
392516
395798
398735
403432
404597
405215
406100
407245
407524
408733
409897
410202
453848
454193
454817
456337
456611
456975
457332
458180
458819
459149
460645
461525
462144
463071
463320
465047
465734
466008
466336
466631
468708
469601
469875
471071
471390
471689
472004
472503
473474
474717
474953
475337
476250
478419
478734
479636
480014
480243
480755
481443
482292
482868
483176
483752
483988
484346
485238
485585
485816
486163
487032
487385
487641
489465
490337
490951
491289
492149
492521
492875
493830
494698
495062
495299
495667
496031
496531
540649
540959
542200
542488
542848
543750
544079
544349
544676
544997
546232
546515
546835
547156
547669
548036
548383
548648
548978
550099
550442
551655
551879
552253
552572
553449
554075
555236
555596
555838
557324
558540
558845
559176
559507
560375
562205
562472
563676
565100
565330
565683
566191
566569
566914
567539
569060
569333
569696
570890
571538
572013
573367
574624
575821
576179
576469
577370
578021
578919
579539
579873
580146
580467
580756
581953
582497
583072
584743
637751
646391
648933
649103
-----False Negatives Indices-----
68
64520
68923
93918
95150
103214
130814
133122
197422
203401
203965
204808
207335
208444
223246
224343
269262
269779
282853
298993
299687
303395
303960
306600
307675
308775
310657
366178
379138
409570
457423
463206
474846
479884
483894
485695
487489
489105
495199
496142
551787
555696
559607
565220
585083
588576
590575
621591
622066
